1.133031178321385557e+00 1.248968682143758890e+00 2.091495032859113756e+00 1.442967609499411941e+00 1.400913372677960123e+00 2.222514786622401761e+00
1.213088366681690733e+00 1.364299448866504560e+00 2.258937343609171755e+00 1.459403737605479368e+00 1.278772964065903350e+00 2.023802110831142809e+00
1.268924349068267565e+00 1.414419012433535405e+00 2.306429047792958098e+00 1.645878303381461683e+00 1.490021303551698040e+00 2.293436079870391442e+00
9.616995493729271205e-01 1.042420607297153357e+00 1.715985678699034400e+00 1.218894790138586037e+00 1.219428531153548656e+00 1.972542909293217628e+00
1.677072399094747590e+00 1.476249552261854170e+00 2.380323232039223136e+00 2.622683141048736122e+00 2.238302397741097849e+00 3.302086183835072131e+00
1.756579941743567685e+00 1.688439424737597783e+00 2.685417157778463348e+00 2.706253994584228106e+00 2.413328708947304779e+00 3.600842736367021679e+00
1.712768839958291878e+00 1.548168250654068157e+00 2.419657161527653866e+00 2.598312597386284839e+00 2.246394887708689225e+00 3.343856604389386700e+00
1.008149750346026163e+00 1.015741848293823857e+00 1.637433280834498017e+00 2.211586140185892280e+00 2.049710518098616152e+00 3.109439520917028243e+00
1.243681217509895909e+00 1.269892638382992933e+00 2.063936044465974451e+00 2.599835062718938605e+00 2.431114315390762393e+00 3.674512592473641703e+00
9.748855398109501635e-01 9.531226964757687492e-01 1.543352157644955147e+00 2.340476795676447175e+00 2.265709746978303407e+00 3.610802961210659578e+00
1.136359340638903648e+00 1.127422358531976920e+00 1.831981521633200494e+00 2.497508997830049537e+00 2.275100246277752536e+00 3.510991395221312317e+00
1.086688486791997477e+00 1.046293145039183470e+00 1.687284389472101909e+00 2.611346589461984280e+00 2.518466433787868386e+00 3.965540109670964597e+00
1.155716471239490728e+00 1.168426321532710421e+00 1.836866956063932133e+00 2.533280464536965759e+00 2.436373000575599690e+00 3.935760423938646557e+00
1.051098518701385931e+00 1.047999441877117466e+00 1.618671171678202514e+00 2.558384655380874673e+00 2.547580413997413196e+00 4.174613697091972497e+00
1.056574640017990951e+00 1.021280373084931803e+00 1.594197251630596002e+00 2.597415923549622363e+00 2.613123019029623073e+00 4.285651103803019168e+00
1.100713252426247069e+00 1.083480816203211683e+00 1.675357036871724770e+00 2.707231067886588516e+00 2.647122104459913583e+00 4.289788951287293095e+00
6.330482154035960152e-01 6.698175831341653952e-01 1.010166263682857002e+00 1.066912425452906987e+00 8.907586805601269697e-01 1.342967657514245072e+00
3.544213323825511908e-01 3.799953912448627569e-01 6.071579727368251467e-01 1.044584049838014561e+00 8.619802951776566191e-01 1.332292848165971932e+00
3.859063337325634446e-01 3.864437915552018099e-01 6.160842503383492375e-01 1.007771404665593229e+00 8.535622622262677428e-01 1.348852777156033689e+00
3.235296366326390616e-01 3.635319022757295682e-01 5.888982698080452716e-01 1.082403626881148551e+00 8.844940659434817887e-01 1.322771746032144202e+00
3.166758618060975250e-01 3.436362423758764217e-01 5.459399568457213858e-01 1.032187343224785225e+00 8.565340498467820529e-01 1.328698240361385396e+00
6.004387952729188793e-01 5.192125482771190459e-01 8.114340422162134026e-01 1.253791661426443937e+00 1.033072864771214405e+00 1.530711772730703801e+00
5.122664238854313101e-01 5.128658031078340285e-01 8.161812254995663984e-01 1.226786302458336309e+00 1.058585038390226440e+00 1.605064455709056537e+00
6.605911969391078387e-01 6.658117611631306776e-01 1.068339772175335156e+00 1.436942418303443381e+00 1.216722438867223532e+00 1.890933432225547328e+00
5.790870154907169498e-01 5.958655619844517304e-01 9.430957594336680794e-01 1.463595273673477637e+00 1.234108499645305557e+00 1.891641527774906351e+00
6.325729575413545636e-01 6.651426807159130927e-01 1.067118279342332166e+00 1.583369760644136592e+00 1.374677292586304445e+00 2.093852488160595993e+00
1.393521015341566471e+00 1.434625853761449576e+00 2.259215285300486098e+00 3.330938936546232298e+00 3.264874210791933518e+00 5.063725982085189870e+00
1.185072242421596034e+00 1.176655028082738141e+00 1.800725025470626850e+00 2.689898721045167918e+00 2.548697001524117489e+00 3.859320321117352570e+00
1.287394672989442768e+00 1.427694816819355950e+00 2.245632901480479227e+00 2.644272405929005476e+00 2.738641538500456107e+00 4.332531024828168320e+00
1.071993719820961477e+00 1.093101518953627060e+00 1.722130507346657735e+00 2.603728628552407276e+00 2.634288196509614988e+00 4.179277894358099488e+00
1.609714478354111966e+00 1.659333036690935792e+00 2.722579882028937082e+00 2.298097741815587458e+00 2.321367867163509846e+00 3.630939025464283709e+00
8.439989593021103298e-01 7.449869453917541406e-01 1.192075078342556438e+00 1.904538187730822063e+00 1.774280219337573739e+00 2.691657648083189525e+00
8.292223434141599014e-01 7.901856007008788430e-01 1.305618170630625796e+00 2.017318844595366922e+00 1.854155002997379675e+00 2.799688870793843876e+00
8.200998696856837133e-01 7.464464639904777599e-01 1.211356603159557510e+00 2.025253780940327708e+00 1.805127067282296327e+00 2.776927007047170548e+00
8.745327926183618095e-01 8.509771440118897301e-01 1.398306181350451816e+00 1.932297208677969058e+00 1.713919008022383172e+00 2.616655264826523997e+00
9.248494298888048082e-01 8.480529317819812674e-01 1.380461853597197974e+00 2.103648916581693395e+00 1.923878537370556030e+00 2.995842807970759303e+00
1.248897301071101307e+00 1.020455046639688002e+00 1.549933390487032048e+00 2.269304390784764536e+00 2.189139709851353643e+00 3.291520419383062723e+00
1.300728670497607986e+00 1.050986997675592338e+00 1.574425300142379136e+00 2.188353110697951909e+00 2.030250718482228045e+00 3.196378187249723890e+00
9.458923736529434301e-01 7.673104507249165485e-01 1.178984395378342764e+00 1.944797123588240861e+00 1.685458298463536897e+00 2.623807304008907160e+00
8.718463567926029167e-01 7.232388147283904667e-01 1.106672162779863688e+00 1.804519359385781341e+00 1.593605606311513601e+00 2.495852560865047032e+00
9.149448810200733195e-01 8.301712721284255636e-01 1.320221023689265083e+00 1.831172845183010045e+00 1.679444466423711591e+00 2.637429104873040053e+00
3.464573853931177672e-01 2.681658420976447132e-01 3.672898333555896788e-01 5.648851171469254639e-01 4.396238416842802588e-01 6.206559110861630257e-01
2.893479362047370884e-01 2.075929543429741730e-01 2.920814874751851420e-01 4.118406227351511517e-01 3.082335105425612065e-01 4.297449207942580229e-01
2.797171357205703313e-01 1.902956314418548511e-01 2.571408981718020237e-01 4.681001732466124055e-01 3.233850829492755929e-01 4.157376917781981929e-01
3.438017611917174587e-01 2.914052120784407229e-01 4.288337569390475168e-01 5.707561248153081301e-01 4.354254488538945589e-01 5.680531204178905780e-01
2.797271617208855199e-01 2.415545256925546169e-01 3.625910194198037062e-01 4.552353003443838642e-01 3.434654177551287324e-01 5.146215740460292620e-01
3.898776030808648874e-01 3.678961894075585826e-01 5.663755939209440537e-01 5.675316118404724053e-01 5.056594611051304922e-01 7.862605452221903546e-01
3.586357214647450942e-01 3.225213111032098068e-01 4.953274730130640680e-01 6.426387298958671224e-01 5.492123602253355941e-01 8.438657087392055223e-01
2.116982857696828590e-01 1.641910549406047082e-01 2.330302136131386093e-01 3.003505841725065961e-01 2.179983016375168503e-01 3.129308878126548232e-01
1.966996053919834453e-01 1.532176007945317275e-01 2.179476777932246034e-01 3.042165192296840681e-01 2.273143688967725895e-01 3.199950358134957540e-01
1.420019223969812283e-01 1.054778981144933320e-01 1.460874459406508452e-01 2.070827661934274144e-01 1.450141636158682745e-01 2.039360883269970837e-01
1.982051545198880438e-01 1.543287913905460607e-01 2.299297077302880909e-01 2.841978525360414620e-01 2.094637407064900148e-01 3.048925220658261215e-01
2.197402675501517744e-01 1.707587343482170339e-01 2.459405782823394504e-01 3.133714902481757325e-01 2.176804796489059668e-01 3.108553670808001379e-01
1.294237465923170793e+00 1.000074577385840380e+00 1.557881047956329867e+00 1.788504421922673782e+00 1.486806306180166626e+00 2.224859541228888293e+00
1.065342199524544897e+00 7.912176043229033340e-01 1.184633069689538853e+00 1.497670943529479937e+00 1.227838825758007513e+00 1.771703850751880083e+00
1.184703615463899906e+00 8.753560534025985884e-01 1.314185320166971538e+00 1.704587309181721855e+00 1.310864645476253809e+00 1.932936602342977928e+00
1.254086487408151429e+00 9.675075769766314782e-01 1.494000240457814321e+00 1.697017288759944620e+00 1.360416007387731829e+00 2.011989487579250113e+00
1.109616899837378545e+00 8.259333503299037815e-01 1.247883337218264499e+00 1.628760107302993809e+00 1.316226816607646510e+00 1.946620323098849692e+00
2.351713032699915273e-01 1.925858880104891480e-01 2.679487811486274684e-01 4.877839878603262846e-01 3.112422960872742728e-01 3.882905114528969470e-01
2.870465483605756929e-01 2.450172800028545539e-01 3.439106220957857118e-01 6.181865931571398631e-01 4.128485702550255820e-01 5.155065571712059702e-01
3.416189181006851761e-01 3.220294869066819832e-01 4.884030411860323384e-01 6.178652662309433996e-01 4.300116778053418298e-01 5.483846936157932284e-01
2.625065040412170037e-01 2.210144077496474513e-01 3.155611555200787399e-01 5.459119493045151428e-01 3.355565989776073677e-01 4.081989514737873748e-01
3.430411312028758264e-01 3.308624618364393033e-01 4.880773876091343277e-01 6.039183751470053041e-01 4.052007905679373412e-01 4.935632214228627412e-01
4.512373540518794246e-01 3.275922641515907063e-01 4.771078105984412066e-01 7.950880058051700283e-01 6.076248728822402079e-01 8.478297797654614776e-01
5.020138431850503791e-01 3.627562781278762527e-01 5.365478246386772287e-01 8.985065075140378221e-01 7.115065291957949345e-01 1.014746677305382816e+00
5.242184130028769706e-01 3.703774801421453877e-01 5.414332314516031586e-01 8.294763626611691976e-01 6.652830675353361700e-01 9.571293278782592173e-01
4.624898203396007879e-01 3.602885228666559136e-01 5.307072993406892758e-01 8.677605506667103175e-01 7.224649019708351272e-01 1.052500313274683297e+00
4.539844580451931066e-01 3.622811640146278434e-01 5.447839979384312414e-01 8.277442692554684012e-01 6.930467495615345586e-01 1.027911032079626752e+00
5.119342400440819452e-01 3.929787949123927371e-01 5.811713467591556048e-01 9.147059543125258818e-01 7.672252691417089654e-01 1.112583976923258833e+00
8.193713185066363591e-01 8.754810544690020402e-01 1.348019079677375220e+00 1.484963272883703667e+00 1.333638371907382103e+00 2.002244594426106250e+00
6.354050597838534209e-01 6.134370720645880848e-01 9.553232968456035756e-01 1.276017348308255972e+00 1.138235730191410999e+00 1.718319327930355245e+00
6.593993161593052488e-01 6.335338129363350390e-01 9.883653839537465124e-01 1.337824137481322007e+00 1.273560239471809741e+00 1.980362841560482146e+00
5.192871112996149119e-01 4.842854012113377848e-01 7.537141484071635533e-01 1.211198090477141331e+00 1.301932933134557269e+00 2.185590328252949188e+00
4.059341602104545310e-01 3.431350566074003461e-01 5.326708920780532930e-01 1.041881387874563636e+00 1.137006306892270224e+00 1.866462691323722334e+00
5.164365671179821371e-01 4.174213151214691275e-01 6.526649872937733132e-01 8.156009213203672115e-01 6.718539794957685274e-01 9.993700361406006039e-01
6.886510146896294149e-01 5.896290639225271191e-01 9.044876219667163930e-01 1.295850102072408028e+00 1.073126751851526839e+00 1.622643270220228695e+00
9.756567049394748725e-01 7.663345172585636078e-01 1.155505000332782251e+00 1.563453369688439620e+00 1.260126228775846791e+00 1.867172348426860529e+00
7.710585719605865807e-01 5.972035898736397508e-01 9.054344758658725567e-01 1.508629529684831549e+00 1.159404698727855232e+00 1.686727189443796515e+00
6.522168334324236483e-01 4.855419304275795933e-01 7.258722310266183531e-01 1.445825753540750602e+00 1.147827962581858818e+00 1.669250995444975461e+00
7.443086993357764802e-01 5.780038374959386438e-01 8.774488313095919478e-01 1.556083891106925465e+00 1.210676053250741679e+00 1.808130021338075322e+00
4.898730789496288929e-01 5.998975472094888461e-01 1.036954493694880464e+00 7.266385622435651559e-01 7.419221735322989453e-01 1.219813033395574786e+00
0.000000000000000000e+00 0.000000000000000000e+00 0.000000000000000000e+00 6.576842335439039289e-01 5.330510359293365585e-01 7.729991777736197056e-01
2.439522353205490490e-01 1.330863751286199825e-01 1.832613859352840990e-01 2.741486495528789313e-01 1.931767403898209945e-01 2.615097117376478653e-01
9.524788169417267580e-01 8.465210208890698862e-01 1.278929098490331873e+00 1.577532559999022199e+00 1.394474650823803952e+00 2.168943444475825100e+00
9.268056388005323498e-01 8.538308077393457207e-01 1.293638531581729811e+00 1.521826897289881186e+00 1.331205576664578283e+00 2.076817285658011158e+00
8.138277234435477014e-01 7.332000907594961037e-01 1.132217388108150979e+00 1.312934019062527824e+00 1.152333829168961099e+00 1.809141540548880656e+00
8.525306687079090562e-01 7.869342333217718144e-01 1.202150301353499318e+00 1.433602944977059979e+00 1.250414446448840478e+00 1.995242260295367664e+00
8.687376920440835759e-01 7.987229948958425307e-01 1.230904125132085358e+00 1.381800790619711838e+00 1.213411326219550945e+00 1.918226640036967190e+00
6.199815148254935737e-01 5.120106874490450988e-01 7.998317552288645160e-01 1.072461636975160504e+00 8.326474928667131348e-01 1.239526520935465115e+00
6.429983636818122905e-01 5.348446809059373974e-01 8.570744377557881766e-01 1.039098729399885457e+00 8.342674278342556704e-01 1.265484685488559080e+00
5.727526138596720218e-01 4.429315960282251274e-01 6.904377528238727635e-01 9.495691477585230800e-01 7.587731092647477249e-01 1.135640307158875872e+00
8.392998847862715994e-01 1.085324398582602212e+00 1.821795118498770849e+00 1.499258636099742636e+00 1.519609236108566019e+00 2.304973738441600251e+00
9.428840097780836205e-01 1.161763525880308068e+00 1.966356936868028482e+00 1.715575991555716051e+00 1.610502121675093434e+00 2.413657552985034371e+00
1.035526986863892995e+00 1.360207058976592442e+00 2.276934881876998329e+00 1.744033459370154970e+00 1.731108118061486012e+00 2.652672619206012161e+00
8.790315120693665829e-01 1.137252274035596589e+00 1.934594495554077254e+00 1.473437579604957470e+00 1.388882181145228101e+00 2.092965075886267012e+00
7.593748036546020819e-01 9.686172056232651428e-01 1.624406796882332582e+00 1.368914112876655764e+00 1.254907667076246014e+00 1.884976418161366185e+00
